G_newton = 67540
PI = 3.1415926f
BODY_SIZE = 0.02
dt = 0.000001
